
# Peak information
#             X                   Y
   5.4035000000       49.7613369968
   9.3959000000      593.4058259520
  15.8370000000     1112.3811302104
  19.2433000000      372.3351879595
  28.7188000000      837.5861991584
  32.3852000000      235.3095520496
  36.8252000000      137.5941918069
  38.6194000000      157.6363285203
  46.8464000000      660.2725880087
  68.4603000000       81.3085275123
  80.8199000000      233.2630494786
  87.9938000000       42.7212958851
  97.4026000000       46.3601475942
 100.4226000000       25.2419585347
 108.9329000000       24.4858174040
 116.2221000000       72.0666709001
 119.1216000000       96.9773579131
 122.2714000000       46.2069183114
 126.0495000000       45.6828166774
 148.2769000000       32.4421091862
 158.4811000000       94.6795642146
 164.8803000000      140.0448211558
 178.0847000000       24.0526894429
 195.0689000000       72.7715835415
 201.4313000000       17.9079076841
 249.5035000000       37.0425142186
 267.7462000000      146.7478380994
 275.1970000000      178.0751883462
 275.5064000000       56.4540919055
 287.8759000000       11.2264028707
 296.2051000000      150.9668652128
 316.7205000000      156.6370074332
 328.7096000000      223.4070114726
 348.6960000000       42.7615220872
 355.7973000000       67.9256684141
 367.6882000000      431.6629619979
 373.9918000000       46.3590941865
 385.0452000000       58.6932061644
 395.2886000000       41.5250416635
 407.3035000000       94.5566230518
 417.0362000000      126.4653558829
 422.2460000000       73.2147570322
 422.4502000000       24.5690857859
 428.4624000000       76.0677714139
 449.7046000000      303.8449045357
 464.9335000000       33.6598849155
 518.1135000000        7.7152519484
 522.7772000000      943.2138871261
 530.1971000000      334.3354519592
 535.2869000000      824.1359162016
 551.2833000000      156.2287529727
 591.5798000000      340.0625585025
 598.5548000000      269.5832583387
 626.1509000000        5.5831732219
 626.6266000000     1209.1925740762
 636.9938000000      369.2188780794
 663.0938000000       39.6187986215
 674.0835000000      210.2986471480
 679.4457000000      182.3808201627
 694.5269000000      734.9299731862
 710.1507000000      326.7915180478
 720.3271000000       41.7151320883
 723.0461000000      483.1961235624
 734.8763000000      227.2493539067
 740.8083000000       42.8354591919
 753.3548000000      254.7092343073
 760.5199000000      572.0000962042
 767.7002000000      132.7299241790
 789.1183000000      186.7799521284
 803.6572000000      417.8467275279
 820.2929000000      343.9295925883
 847.9614000000      164.3400741646
 873.8750000000       60.2549087052
 889.3606000000        0.9267438899
 894.2724000000       39.7720801185
 901.8372000000      179.4035597067
 916.3056000000       20.9234190031
 927.0788000000       81.9594415013
 948.9843000000      130.4209814011
 977.2791000000       24.6737238913
 992.1291000000      295.3736217871
1002.2906000000       24.0070598202
1029.8134000000        7.8826181719
1045.3977000000       66.5151622825
1075.5988000000       69.6194388409
1102.1833000000      195.4501344785
1118.1376000000       48.6682266245
1162.5099000000       72.0189054415
1167.7754000000      673.6586834301
1182.3409000000      495.8170633120
1201.0242000000      265.9791584494
1239.2934000000      694.4514589449
1250.7761000000      147.4280825940
1261.4729000000      886.2420864605
1272.2347000000        8.9503430351
1277.5173000000      555.6276255842
1281.4391000000        6.5832076863
1297.4335000000       20.5472952226
1305.7877000000      651.1333470915
1318.4071000000       31.0798527477
1334.7916000000      457.6541279856
1340.8469000000       78.6622857410
1346.2887000000      102.3958864720
1354.0712000000       50.1158636106
1379.7463000000      188.5417830013
1411.5143000000       35.2086543620
1422.4513000000       73.1979220986
1431.8950000000       96.6572039330
1435.2723000000       43.4967503405
1456.0637000000      276.5665745146
1459.7624000000      189.6081139961
1480.3278000000      334.5112787619
1493.9129000000       27.8595808826
1503.8078000000      723.1608781819
1523.9751000000      166.8037758531
1573.8292000000     1392.5833624183
1582.5350000000      403.0833272190
1613.5755000000       13.3145934568
1614.7504000000       15.4108425268
1619.4996000000       27.7018699799
1629.4491000000       66.9275064100
1642.2221000000       10.1125563213
1647.2374000000       40.2347942516
1657.7056000000     1402.4396754449
1663.1716000000       32.5727194556
1669.5925000000      177.4618382103
1727.3645000000      311.9856483091
1735.2828000000     1060.4223629809
1740.1991000000     1636.6292346577
1769.5009000000      366.2537744888
1823.5030000000      459.8591705535
1827.4244000000      548.9031017833
1852.8275000000      441.0563463258
1878.5571000000      259.6932756184
1886.2129000000      123.9018577749
1907.2097000000      649.4395094607
1931.0825000000      832.3609852090
1968.5112000000     1077.2369572029
3217.6393000000       46.0062063637
3237.7964000000       10.3373535993
3240.4378000000       58.5517631276
3289.6700000000       20.6175518947
3308.9756000000        3.7346773764
3316.4672000000       27.7517569161
3328.2846000000       23.9553136920
3328.9575000000        6.4628104188
3334.6679000000       26.9426589095
3357.2911000000       17.9496622437
3375.8986000000        2.7050959345
3389.4152000000        4.7948118514
3539.1473000000       37.5055380668
3857.0403000000       84.3140038429
3861.4169000000      119.5103095162
3885.3464000000      100.1511300427
4000.5760000000      187.9667025558
4006.8796000000       74.4324247070
