
# Peak information
#                X                   Y
      5.4035000000        2.6817000000
      9.3959000000        2.3690000000
     15.8370000000        4.4684000000
     19.2433000000        2.6339000000
     28.7188000000        1.7395000000
     32.3852000000        0.7776000000
     36.8252000000        0.3674000000
     38.6194000000        0.9595000000
     46.8464000000        0.9464000000
     68.4603000000        0.2806000000
     80.8199000000        0.2112000000
     87.9938000000        0.1889000000
     97.4026000000        0.5826000000
    100.4226000000        1.9589000000
    108.9329000000        1.8977000000
    116.2221000000        0.3816000000
    119.1216000000        2.7476000000
    122.2714000000        0.9545000000
    126.0495000000        1.0354000000
    148.2769000000        2.2917000000
    158.4811000000        0.9059000000
    164.8803000000        0.8857000000
    178.0847000000        0.7849000000
    195.0689000000        0.6544000000
    201.4313000000        0.7623000000
    249.5035000000        0.7769000000
    267.7462000000        0.7978000000
    275.1970000000        0.9912000000
    275.5064000000        1.5326000000
    287.8759000000        3.9361000000
    296.2051000000        3.0311000000
    316.7205000000        3.9359000000
    328.7096000000        2.5188000000
    348.6960000000        1.3919000000
    355.7973000000        1.0507000000
    367.6882000000        2.6974000000
    373.9918000000        9.1857000000
    385.0452000000        2.3482000000
    395.2886000000        7.0675000000
    407.3035000000        2.1937000000
    417.0362000000        3.0327000000
    422.2460000000        1.2149000000
    422.4502000000        2.7464000000
    428.4624000000        3.8484000000
    449.7046000000        1.5226000000
    464.9335000000        2.8731000000
    518.1135000000       10.3812000000
    522.7772000000        4.6017000000
    530.1971000000        3.0503000000
    535.2869000000        7.1939000000
    551.2833000000        4.0521000000
    591.5798000000        7.8475000000
    598.5548000000        1.5780000000
    626.1509000000        5.1012000000
    626.6266000000        1.5288000000
    636.9938000000        2.8850000000
    663.0938000000       21.4608000000
    674.0835000000        6.1659000000
    679.4457000000        4.4677000000
    694.5269000000        0.8585000000
    710.1507000000        7.1297000000
    720.3271000000       31.9853000000
    723.0461000000        1.2785000000
    734.8763000000       38.8608000000
    740.8083000000        6.2966000000
    753.3548000000        2.7528000000
    760.5199000000        9.2887000000
    767.7002000000        1.2813000000
    789.1183000000        1.2693000000
    803.6572000000       39.2330000000
    820.2929000000       15.4514000000
    847.9614000000        9.2009000000
    873.8750000000       27.8143000000
    889.3606000000        3.0440000000
    894.2724000000        4.9450000000
    901.8372000000        7.3836000000
    916.3056000000        2.3639000000
    927.0788000000        7.5391000000
    948.9843000000        9.4450000000
    977.2791000000       14.4592000000
    992.1291000000       10.9992000000
   1002.2906000000        3.9275000000
   1029.8134000000       13.9865000000
   1045.3977000000       10.6489000000
   1075.5988000000       22.4964000000
   1102.1833000000        7.1070000000
   1118.1376000000        4.3529000000
   1162.5099000000        2.5206000000
   1167.7754000000        9.8932000000
   1182.3409000000        3.4303000000
   1201.0242000000        3.6969000000
   1239.2934000000        1.4414000000
   1250.7761000000        3.7377000000
   1261.4729000000        9.8118000000
   1272.2347000000        1.7363000000
   1277.5173000000       22.6960000000
   1281.4391000000        6.0046000000
   1297.4335000000        4.3432000000
   1305.7877000000        4.0609000000
   1318.4071000000        7.0197000000
   1334.7916000000        5.0894000000
   1340.8469000000        4.9982000000
   1346.2887000000        8.5598000000
   1354.0712000000       13.8559000000
   1379.7463000000        6.1720000000
   1411.5143000000       10.4839000000
   1422.4513000000       13.5348000000
   1431.8950000000       16.9033000000
   1435.2723000000      107.1334000000
   1456.0637000000        4.1142000000
   1459.7624000000       14.6408000000
   1480.3278000000        7.3097000000
   1493.9129000000       20.7807000000
   1503.8078000000       12.2951000000
   1523.9751000000        7.8637000000
   1573.8292000000       22.4381000000
   1582.5350000000       18.8108000000
   1613.5755000000        7.6596000000
   1614.7504000000       28.1031000000
   1619.4996000000       14.9962000000
   1629.4491000000        9.9140000000
   1642.2221000000       23.6050000000
   1647.2374000000       17.8957000000
   1657.7056000000        2.0757000000
   1663.1716000000       20.3058000000
   1669.5925000000       22.7296000000
   1727.3645000000       68.2963000000
   1735.2828000000       28.3256000000
   1740.1991000000       37.4264000000
   1769.5009000000       35.7621000000
   1823.5030000000       38.3099000000
   1827.4244000000       27.0563000000
   1852.8275000000      186.6617000000
   1878.5571000000       33.0291000000
   1886.2129000000      288.3582000000
   1907.2097000000       27.1092000000
   1931.0825000000       98.2282000000
   1968.5112000000       15.8196000000
   3217.6393000000      199.7636000000
   3237.7964000000      116.1962000000
   3240.4378000000      137.1027000000
   3289.6700000000      111.9881000000
   3308.9756000000       68.6784000000
   3316.4672000000       26.1111000000
   3328.2846000000      160.4831000000
   3328.9575000000       71.5882000000
   3334.6679000000       61.2543000000
   3357.2911000000       91.5404000000
   3375.8986000000       39.5352000000
   3389.4152000000       41.8257000000
   3539.1473000000       51.4430000000
   3857.0403000000       29.4863000000
   3861.4169000000      136.0774000000
   3885.3464000000       86.4463000000
   4000.5760000000      143.9785000000
   4006.8796000000       52.9707000000
